Initial state:
[(6	0), (4	1), (3	2), (18	3), (11	4), (7	5), (2	6), (9	7), (5	8), (11	9), (14	10), (7	11), (1	12), (9	13), (15	14), (17	15), (20	16), (11	17), (14	18), (4	19), (0	20), (10	21)]
Number of attacking pairs: 26
Steepest Hill Climbing solution:
[(6	0), (17	1), (3	2), (18	3), (11	4), (7	5), (2	6), (16	7), (5	8), (1	9), (14	10), (0	11), (20	12), (4	13), (12	14), (15	15), (21	16), (10	17), (13	18), (9	19), (19	20), (8	21)]
Number of attaching pairs: 0

Initial state:
[(20	0), (16	1), (0	2), (8	3), (5	4), (0	5), (16	6), (0	7), (7	8), (9	9), (15	10), (20	11), (4	12), (2	13), (1	14), (11	15), (8	16), (4	17), (11	18), (14	19), (10	20), (10	21)]
Number of attacking pairs: 19
Steepest Hill Climbing solution:
[(20	0), (16	1), (12	2), (8	3), (3	4), (0	5), (15	6), (18	7), (5	8), (9	9), (14	10), (17	11), (4	12), (2	13), (21	14), (11	15), (7	16), (19	17), (1	18), (13	19), (10	20), (6	21)]
Number of attaching pairs: 0

Initial state:
[(15	0), (9	1), (16	2), (1	3), (19	4), (4	5), (7	6), (6	7), (16	8), (13	9), (16	10), (13	11), (20	12), (3	13), (4	14), (9	15), (14	16), (17	17), (14	18), (3	19), (15	20), (16	21)]
Number of attacking pairs: 27
Steepest Hill Climbing solution:
[(7	0), (9	1), (16	2), (1	3), (19	4), (15	5), (8	6), (4	7), (20	8), (13	9), (2	10), (5	11), (18	12), (14	13), (3	14), (10	15), (21	16), (17	17), (11	18), (0	19), (6	20), (12	21)]
Number of attaching pairs: 0

Initial state:
[(4	0), (3	1), (3	2), (10	3), (5	4), (18	5), (3	6), (18	7), (9	8), (15	9), (12	10), (13	11), (13	12), (7	13), (7	14), (8	15), (6	16), (2	17), (2	18), (18	19), (1	20), (6	21)]
Number of attacking pairs: 29
Steepest Hill Climbing solution:
[(4	0), (2	1), (17	2), (10	3), (13	4), (5	5), (3	6), (18	7), (6	8), (15	9), (12	10), (16	11), (8	12), (21	13), (7	14), (1	15), (19	16), (9	17), (0	18), (14	19), (11	20), (20	21)]
Number of attaching pairs: 0

Initial state:
[(12	0), (4	1), (3	2), (18	3), (1	4), (15	5), (7	6), (18	7), (18	8), (17	9), (13	10), (13	11), (8	12), (10	13), (20	14), (2	15), (7	16), (14	17), (16	18), (18	19), (6	20), (15	21)]
Number of attacking pairs: 26
Steepest Hill Climbing solution:
[(12	0), (4	1), (13	2), (18	3), (3	4), (11	5), (7	6), (1	7), (15	8), (17	9), (14	10), (20	11), (8	12), (5	13), (19	14), (2	15), (6	16), (10	17), (16	18), (0	19), (9	20), (21	21)]
Number of attaching pairs: 0

Initial state:
[(3	0), (19	1), (7	2), (7	3), (12	4), (2	5), (3	6), (8	7), (15	8), (9	9), (20	10), (1	11), (0	12), (10	13), (2	14), (11	15), (17	16), (3	17), (19	18), (2	19), (15	20), (4	21)]
Number of attacking pairs: 22
Steepest Hill Climbing solution:
[(14	0), (19	1), (7	2), (16	3), (12	4), (2	5), (0	6), (6	7), (15	8), (9	9), (20	10), (1	11), (3	12), (8	13), (18	14), (11	15), (17	16), (10	17), (4	18), (21	19), (5	20), (13	21)]
Number of attaching pairs: 0

Initial state:
[(8	0), (7	1), (5	2), (10	3), (6	4), (1	5), (12	6), (19	7), (5	8), (4	9), (8	10), (0	11), (10	12), (4	13), (16	14), (15	15), (7	16), (14	17), (20	18), (12	19), (14	20), (6	21)]
Number of attacking pairs: 22
Steepest Hill Climbing solution:
[(8	0), (20	1), (5	2), (10	3), (6	4), (1	5), (12	6), (19	7), (17	8), (3	9), (14	10), (0	11), (4	12), (18	13), (13	14), (15	15), (7	16), (2	17), (11	18), (9	19), (21	20), (16	21)]
Number of attaching pairs: 0

Number of queens: 22 Total attempts: 200 Total solved: 7
